10
34
1
2
2
2
5
6
7
7
7
8
8
10
10
11
11
12
12
13
13
14
14
14
15
16
16
16
17
18
18
18
19
19
19
20
13
4
10
11
13
13
15
15
16
18
18
18
19
19
45
1
1
1
2
2
2
3
3
4
4
4
4
5
6
6
6
7
8
8
8
9
9
9
10
10
11
11
12
12
12
12
12
14
15
15
16
16
16
17
18
18
18
19
19
20
11
1
1
2
4
10
10
11
16
18
18
20
2
19
19
91
1
1
1
1
1
1
2
2
2
2
3
3
3
4
4
4
4
4
4
5
5
5
6
6
6
6
6
7
7
7
7
7
8
8
8
8
8
9
9
9
9
10
10
10
10
10
11
11
12
12
12
12
12
13
13
13
13
13
13
14
14
14
14
14
14
15
15
15
15
15
15
15
16
16
16
16
17
17
17
17
17
18
18
18
18
18
18
19
20
20
20
82
1
1
1
2
2
2
2
2
2
2
3
3
4
4
4
4
4
4
5
5
5
5
6
6
6
6
7
8
8
8
9
9
9
9
9
9
9
10
10
10
10
10
10
11
12
12
12
12
12
12
13
13
13
13
13
14
14
14
14
14
15
16
16
16
16
16
16
16
16
16
17
17
17
17
17
18
19
19
19
19
20
20
34
3
3
4
4
5
6
6
6
6
8
9
9
9
9
10
11
11
11
13
13
14
15
16
16
16
18
18
18
19
19
19
19
19
20
69
1
1
1
1
2
2
2
2
3
4
4
4
4
4
4
4
5
5
5
5
5
6
6
6
7
7
7
7
7
7
8
8
8
9
9
9
10
10
11
12
12
12
13
13
13
13
13
14
14
14
15
15
15
16
16
17
17
17
17
18
18
18
19
19
19
19
20
20
20
81
1
1
1
1
1
2
2
2
2
2
3
3
3
3
3
4
4
4
4
4
4
5
5
5
5
5
5
5
6
6
6
7
7
8
8
8
8
8
8
8
9
9
10
10
10
10
10
10
10
11
11
11
12
12
13
13
14
14
14
15
15
15
16
17
17
17
17
18
18
18
18
18
19
19
19
19
19
19
20
20
20
